"0.1" "0.15" "0.2" "0.25" "0.3" "0.35" "0.4" "0.45" "0.5" "0.55" "0.6" "0.65" "0.7" "0.75" "0.8" "0.85" "0.9" "0.95" "1"
"0.1" 0.142857142857143 0.142857142857143 0.0816326530612245 0.102040816326531 0.163265306122449 0.142857142857143 0.102040816326531 0.0612244897959184 0.102040816326531 0.0816326530612245 0.122448979591837 0.122448979591837 0.0816326530612245 0.0816326530612245 0.163265306122449 0.0816326530612245 0.122448979591837 0.122448979591837 0.122448979591837
"0.15" 0.224489795918367 0.224489795918367 0.244897959183673 0.244897959183673 0.142857142857143 0.163265306122449 0.204081632653061 0.163265306122449 0.183673469387755 0.163265306122449 0.204081632653061 0.122448979591837 0.204081632653061 0.183673469387755 0.163265306122449 0.204081632653061 0.244897959183673 0.204081632653061 0.102040816326531
"0.2" 0.346938775510204 0.26530612244898 0.346938775510204 0.306122448979592 0.285714285714286 0.36734693877551 0.204081632653061 0.326530612244898 0.326530612244898 0.224489795918367 0.326530612244898 0.26530612244898 0.326530612244898 0.224489795918367 0.244897959183673 0.306122448979592 0.448979591836735 0.306122448979592 0.387755102040816
"0.25" 0.510204081632653 0.428571428571429 0.469387755102041 0.428571428571429 0.448979591836735 0.448979591836735 0.408163265306122 0.387755102040816 0.387755102040816 0.387755102040816 0.510204081632653 0.326530612244898 0.530612244897959 0.428571428571429 0.387755102040816 0.551020408163265 0.469387755102041 0.551020408163265 0.551020408163265
"0.3" 0.591836734693878 0.653061224489796 0.693877551020408 0.510204081632653 0.63265306122449 0.571428571428571 0.714285714285714 0.63265306122449 0.591836734693878 0.530612244897959 0.63265306122449 0.63265306122449 0.551020408163265 0.571428571428571 0.530612244897959 0.530612244897959 0.510204081632653 0.571428571428571 0.653061224489796
"0.35" 0.673469387755102 0.755102040816326 0.73469387755102 0.816326530612245 0.591836734693878 0.63265306122449 0.73469387755102 0.73469387755102 0.775510204081633 0.673469387755102 0.755102040816326 0.714285714285714 0.693877551020408 0.836734693877551 0.775510204081633 0.673469387755102 0.693877551020408 0.653061224489796 0.73469387755102
"0.4" 0.857142857142857 0.857142857142857 0.938775510204082 0.836734693877551 0.857142857142857 0.795918367346939 0.877551020408163 0.816326530612245 0.877551020408163 0.816326530612245 0.836734693877551 0.918367346938776 0.877551020408163 0.836734693877551 0.775510204081633 0.857142857142857 0.897959183673469 0.816326530612245 0.836734693877551
"0.45" 0.877551020408163 0.897959183673469 0.918367346938776 0.918367346938776 0.938775510204082 0.918367346938776 0.918367346938776 0.897959183673469 0.918367346938776 0.918367346938776 0.857142857142857 0.938775510204082 0.938775510204082 0.795918367346939 0.897959183673469 0.897959183673469 0.959183673469388 0.897959183673469 0.959183673469388
"0.5" 1 0.959183673469388 0.979591836734694 0.979591836734694 1 0.979591836734694 0.918367346938776 0.979591836734694 1 0.897959183673469 0.979591836734694 0.959183673469388 1 0.959183673469388 0.959183673469388 1 0.959183673469388 1 0.918367346938776
"0.55" 1 0.979591836734694 1 0.959183673469388 1 0.979591836734694 0.959183673469388 1 0.979591836734694 1 1 0.959183673469388 1 1 1 1 0.979591836734694 0.979591836734694 0.979591836734694
"0.6" 0.959183673469388 1 1 1 1 1 1 1 0.979591836734694 1 1 1 0.979591836734694 1 1 0.979591836734694 1 0.959183673469388 0.979591836734694
"0.65" 0.979591836734694 1 1 1 1 1 1 1 1 1 1 1 1 1 1 1 1 1 1
"0.7" 1 1 1 1 1 1 1 1 1 1 1 1 1 1 1 1 1 1 1
"0.75" 1 1 1 1 1 1 1 1 1 1 0.979591836734694 1 0.979591836734694 1 1 1 1 1 1
"0.8" 1 1 1 1 1 1 1 1 1 1 1 1 1 1 1 1 1 1 1
"0.85" 1 1 1 1 1 1 1 1 1 1 1 1 1 1 1 1 1 1 1
"0.9" 1 1 1 1 1 1 1 1 1 1 1 1 1 1 1 1 1 1 1
"0.95" 1 1 1 1 1 1 1 1 1 1 1 1 1 1 1 1 1 1 1
"1" 1 1 1 1 1 1 1 1 1 1 1 1 1 1 1 1 1 1 1
